0.40733799039144714 -0.7714176858751525 -0.8519979812851657
-0.7556625416687343 -0.46634057823043595 -0.8727007121778624
-0.345968939233197 -0.25798975073718716 -0.8486223719527477
-0.966823621550495 -0.8002444470037859 -0.8723399021025237
-0.6202984042497639 -0.8433770098608309 -0.8416709288035451
0.051160811369788645 -0.9181531041012136 -0.8668628246880222
-0.4978520339666847 -0.6179994957677872 -0.8388519409887305
0.8605866989844152 -0.7958857845506353 -0.8712787619694745
0.43436243203704694 -0.6698337242129432 -0.8856662005495926
-0.7600990016056758 -0.2947618429747624 -0.8385911743582605
0.3607938022901935 -0.7229582582278891 -0.8637251289364514
-0.07920088216085527 -0.8263533621758754 -0.8477909529719796
-0.41036570115402365 -0.3027079327653259 -0.8699294941964206
-0.09428316990722169 -0.46185560516982543 -0.840896993461883
0.7514042735057229 -0.5459729662224599 -0.8747656888631158
-0.5100526740225291 -0.9153322126766235 -0.8325848906013668
-0.40206517607136566 -0.6155636753827188 -0.8730327833894574
0.8408725143605013 -0.10339249694724623 -0.8733923284027212
0.8011239421593375 -0.4276067921052414 -0.8868574813856582
0.37235434484193486 -0.3853852721464827 -0.8644993538934295
0.2815086665423738 -0.8637105474991389 -0.8400075789001359
-0.8821893182360135 -0.3962410620075312 -0.8710784281874135
-1.0486524077728685 -0.8325632960182276 -0.8476838336363968
-0.02616971299000867 -0.5698020922290999 -0.8813925017323175
0.1129004184416328 -0.4303267532504512 -0.8662868492776004
0.3156383780304527 -0.6859391489007312 -0.8779573895384223
0.6736550454678732 -0.8596172630325354 -0.8578609599216753
0.5154359257300325 -0.44543088274761733 -0.8765792684621806
0.7398303274444701 -0.6339348189542654 -0.8627988877209092
0.7652452854398445 -0.31269951278016106 -0.850771008191086
0.734160836919883 -0.48649862616184525 -0.8655948638488162
0.8709752501541043 -0.623166489795875 -0.8739951622907303
-0.17146042720724203 -0.3821915285403925 -0.8844810290595958
-0.2673365115901291 -0.7425762026074209 -0.8416875999388513
0.48078328723799413 -0.24443808243296267 -0.872971316980635
-0.24929420168185235 -0.26134523259442644 -0.8337581781854868
0.7241190719675245 -0.49789887132604377 -0.839743562169227
0.5621364239747819 -0.5275030549420894 -0.8755620808998612
0.05236642067346951 -0.8801499433242426 -0.8450099276365048
0.23694492606703582 -0.5669377971660349 -0.8588843051223295
0.3812814580850676 -0.7582314329683082 -0.8551630702174259
-0.47757253803129107 -0.31222426917682944 -0.8782710800180148
-0.2002726277704951 -0.5047166555645758 -0.855088477726164
-0.8176864884481867 -0.9254438346266507 -0.8569571797457248
-0.07479551867651883 -0.10601975764270599 -0.8823814181349865
-0.47125159893765756 -0.0955676803751348 -0.8856272957064005
0.8564704615318123 -0.11701913299504452 -0.8722487346756749
-0.7325263817928492 -0.08496407750997759 -0.8801035297885402
-0.23838366013320567 -0.4160660606621469 -0.8485197087623023
0.8704081846417886 -0.5988268852790861 -0.8597153273192754
0.8805178137032781 -0.5990053133998585 -0.8718345080644552
-0.4787744684064604 -0.6648057079181587 -0.8784919419735358
0.7836124036722966 -0.8495521189229294 -0.8500868477373926
0.2701574017137482 -0.7558880627307869 -0.8428113306191015
0.06413499392800341 -0.7112438614126688 -0.8683421332168713
-0.6059208544894283 -0.5981076087643635 -0.8577227246820677
0.41701491169742927 -0.9056489139366408 -0.8487229680941404
-0.8797674769316 -0.900337988391179 -0.8456567143446783
-0.44940283032948336 -0.23947822474958824 -0.8383184597905933
0.3963915701920787 -0.4281666080336786 -0.8563308948233918
0.7141105103714736 -0.1599839134302269 -0.8770788855624432
-0.18102671677016863 -0.3751636174117398 -0.8394460709771123
-0.24620633622903387 -0.8098614417630843 -0.8648436275602598
-0.9868081742495993 -0.5236221243222658 -0.8634456777671966
-0.5248689771313283 -0.3932772419426275 -0.8619998198132136
-0.8759438068518548 -0.802260975340955 -0.8575157092413261
-0.8951232198484034 -0.29686406310567004 -0.8488666884196872
-0.3811165780434416 -0.6138525022353934 -0.8648816702867849
-0.3146362220582792 -0.44055066561398826 -0.8797267602501334
0.3724508709797351 -0.1289181625002339 -0.8580999446903705
-0.2284136337564875 -0.30422457700015626 -0.8866071605294227
0.46393107814571166 -0.7692198135611803 -0.862698739956092
-0.8937631695299941 -0.58901244830733 -0.8582501269975951
-0.7664095140540335 -0.2524842846223992 -0.8863165135323559
0.5870636500791317 -0.4682151166966931 -0.8466225176695554
-0.6807615261353083 -0.24155502001273715 -0.8550388182869647
0.33101559193222085 -0.35848953538586237 -0.831199542755529
0.6286277713514861 -0.8946638127287081 -0.8399535896499715
-0.7130077303655129 -0.1532788992767502 -0.880359386033279
-1.0499188521155365 -0.14207251369646084 -0.8855584695665112
0.6532497038913736 -0.26216117866067257 -0.8694793224063027
-0.4985171747971576 -0.14264474355379725 -0.8323535713695964
0.21457446072631253 -0.5326901666566504 -0.847258876784636
0.7529454393654765 -0.28815749735030377 -0.8707571962808167
-0.06211023643816336 -0.7494481515740352 -0.8310340361289468
-0.10981831244034529 -0.7455140441905899 -0.8650404733747543
0.8541847371642176 -0.2856202168711227 -0.8337374726406324
0.4777106847389483 -0.1739896248661938 -0.8379406979135052
-0.14312191032258573 -0.6754707453060926 -0.8819455805920441
-0.49272221958961276 -0.6975871842690318 -0.845299106541989
-0.42594347313004277 -0.23436263006799885 -0.8459323284657193
-0.37916625420607797 -0.7698688148714792 -0.8705397310206667
-0.23238829583980947 -0.10285110070248038 -0.8796666100002278
0.30267832528367056 -0.10898725461820258 -0.8413740225044364
-0.7948840277793291 -0.38251628121795767 -0.8792763954397816
0.10645073265974712 -0.3206960855387895 -0.8313640272048527
-0.9745478395910603 -0.35572611021272665 -0.8733029132615607
-0.9904825725583011 -0.7240444408382443 -0.8384401694070155
-0.7638198565421483 -0.28419350978983615 -0.8673179441100484
0.15561721458685096 -0.5310549976116683 -0.8570590740016776
0.5128655158258246 -0.3805269733066773 -0.87029649171398
-1.0016339838629669 -0.4999309785388432 -0.8789333568229013
0.5525612183623381 -0.8168432965881 -0.883672464243178
0.10096579575149485 -0.9069879113182914 -0.8785155790244918
-0.7148515876446518 -0.6983647829166149 -0.8837746619583662
-0.6467013876890081 -0.5567156770927121 -0.8502830084136527
0.13753200257592962 -0.7978602388365608 -0.8761678007678741
-0.2822983126197597 -0.8211378562675857 -0.8835263836614492
0.4768330883127069 -0.26686437008274244 -0.8482010457521346
-0.14905275276651148 -0.4110572600853278 -0.877065178557058
0.43731250188527704 -0.8099407118429937 -0.8576303236869004
0.26593911883122495 -0.312297825971253 -0.8609470198576875
-0.40146149835171396 -0.24969030959208982 -0.8843244749578799
0.11403579409544208 -0.25375535697854174 -0.8311084745256925
0.12847246984781202 -0.08747370551640804 -0.8681577013514948
0.578431930922157 -0.7511919132530206 -0.8836225713439609
-0.23726614752383873 -0.4358367788224521 -0.845226881597678
0.15617051945898802 -0.24949371499559347 -0.8654684674452091
0.3834543156054058 -0.8768739438988968 -0.8741861018081333
-0.34643012716998695 -0.7871975133882878 -0.8768022457079482
0.1728723185157186 -0.4419791966288725 -0.8631436419954356
-0.2548891573503811 -0.5646741039861267 -0.8833719853588945
-0.803577653910781 -0.7712004147285814 -0.8864798601969278
-0.3514175804842288 -0.617865059862354 -0.8741291751699292
0.45875572554790056 -0.914415914567216 -0.8718617629671448
0.6644815585476022 -0.7376547762350405 -0.8794542791378691
0.26366256446293945 -0.2337132319818087 -0.8502899990512918
0.05994381683899115 -0.4516152585067713 -0.8858419708393014
0.48971261965568724 -0.19916927683302826 -0.8654069193816821
-0.36331264920294754 -0.3521289172369996 -0.8416964086547394
-0.2218632978382064 -0.13934733131939714 -0.8637216409382804
0.02129154917949301 -0.760361202414197 -0.8327299143103104
-0.7918449731334616 -0.22145762287151344 -0.8508656043552545
-0.792893168761866 -0.2784418701900776 -0.8730934451548864
0.32908808225397596 -0.9221417596693002 -0.86860381160729
0.24868094253923284 -0.7715516342848048 -0.8522504012059866
0.4156950383467472 -0.9107453163649777 -0.8753312978724865
-0.3380505745443679 -0.12006917191725708 -0.8656956839338563
0.8908445857090795 -0.2757589251051731 -0.8469221694557887
0.01377300080504558 -0.43899842897138597 -0.8841649833730005
0.5767415911678745 -0.6374824705410291 -0.8787607389324701
-0.4083900428465377 -0.8307661807300932 -0.8797078736185311
0.05636101745615406 -0.38124725453598546 -0.8534733827213962
-0.10791098993906456 -0.6766763577854153 -0.8347736329743037
-0.44744111681331716 -0.4691886492104174 -0.8638041983147903
-0.6023710078516488 -0.644892498511483 -0.8387937559635119
-0.9009319345308223 -0.8186146437130435 -0.8610026176628961
0.6210867934453644 -0.15912314265100036 -0.8450744276482008
-0.6724560137875251 -0.7496019756673303 -0.8427556159992914
-1.0357887539858863 -0.11235550747071643 -0.8867644117447164
-0.8075911437313806 -0.8316387168490429 -0.8663458124777901
-0.787691148696158 -0.2271937590420427 -0.8519414779064025
0.33030585500974696 -0.8498582843671104 -0.8626005764018226
-0.007777462846002461 -0.8254676879455654 -0.8345909729811218
-0.026471910052852016 -0.9157222801202269 -0.8844170978490341
-0.12472159208706175 -0.4297817530303906 -0.8532964482505286
0.41240692115020694 -0.4957714653664008 -0.8719858646299958
0.09449795415426655 -0.544597308029221 -0.8867616860727409
-1.0120111237277354 -0.5919142519175377 -0.8626064157773061
0.5037059805085383 -0.7504021231351778 -0.840386407125954
-0.8367316390906171 -0.6884882758817767 -0.8561710186737983
0.17733964629601484 -0.35850668576068984 -0.8641670796296905
0.837745099583691 -0.08965622303839493 -0.8365642319955711
0.24358207641790874 -0.8068236871285612 -0.8712833623731012
0.1576721563468404 -0.27851328272668996 -0.8382128085630203
-1.029160641168123 -0.4054820146100656 -0.879333535234379
0.13287537953821182 -0.3774447006620233 -0.8669405667919023
0.47491113688611175 -0.93121728043105 -0.8421759655145085
-0.2531881665677633 -0.3164203845268003 -0.884304703963895
0.11639374647304811 -0.7078171959529804 -0.8491693991145827
0.6799475719475683 -0.29193374086570195 -0.8547015544089827
0.5149137783036969 -0.3018045809535299 -0.8734459924815338
0.4096124839579308 -0.2071048026347202 -0.8611178214395057
-0.9113353157345312 -0.5866491686766575 -0.8659349224732588
0.3101313235128255 -0.34882511372315017 -0.8854499129917937
0.28318568090508905 -0.9047750586647826 -0.870708307997121
0.2993625657305198 -0.5042963752680174 -0.838484671965555
-0.31106231756369207 -0.17837836550622888 -0.8550483173075141
-0.988798242266126 -0.13925723103465154 -0.8354088439534355
-0.7063438215417364 -0.8768982827231808 -0.8798226776015106
-0.19180914486802875 -0.20356176057521103 -0.8372278385982608
-0.13600047402149454 -0.5125687870178822 -0.8644686628157223
0.6913803010678341 -0.09120035656733078 -0.8672838141832077
-0.4625182548029042 -0.6326986202702519 -0.843221930066416
-0.3341515020424386 -0.653784423592376 -0.8775236851902554
-0.021674847928661166 -0.8396735894917632 -0.876405500895022
-0.8501597198269455 -0.2208435922245205 -0.8350460742724152
0.2707704422144794 -0.2009308319216752 -0.880940644834759
-0.5308877568790402 -0.6430156710284544 -0.8635655097766676
-0.28394466030113596 -0.8598180102017603 -0.8451440027799705
-0.3421368992369833 -0.71593309653145 -0.846449573653168
0.15756736129736348 -0.7781081629720771 -0.8419033536863841
0.6905010188248062 -0.26039465379495735 -0.8527143099466115
-0.5124705717527485 -0.5368923811258888 -0.8531612576665519
0.37513449299602675 -0.6743290972494776 -0.8840275545216091
0.08186560414122211 -0.5144333958359847 -0.8528197656543942
-0.24216922003572866 -0.4307784881206783 -0.8832239376971123
-0.3218064905846631 -0.6889552995632584 -0.8670601159741683
-0.18060579880861338 -0.39706238216387707 -0.8761880986255621
-0.8254388445542705 -0.45292660653424255 -0.8309702270646631
-0.3873246667972485 -0.4432044961115723 -0.872725196945571
0.747941203466898 -0.08533334651348634 -0.853850732177313
-0.6431826706021855 -0.1237312939184802 -0.8848639675088183
-0.8271442457284858 -0.6136409639991534 -0.8789714899630049
0.8028357488699615 -0.27866097349061403 -0.8356451911954917
-0.1989250157557808 -0.2385572233811834 -0.8405510691097898
-0.28113894044517224 -0.8474213951601336 -0.8585635977799523
-0.6838353007129832 -0.47845175452402494 -0.8481177639102536
-0.002709707560436009 -0.4207954550066904 -0.8661927692488354
0.1251673567101434 -0.1642990759941138 -0.8440817585726901
0.08298892220844038 -0.6010728473089783 -0.8577069855823056
-0.2673635952188379 -0.7825855561806365 -0.8779687550467293
0.18207719786473037 -0.8426564223778301 -0.8434461553951665
0.8105732288307027 -0.8269569802061556 -0.8391296179850394
-0.7497009100455327 -0.28882001633113696 -0.8621778624051574
-0.2882612953953084 -0.14435308671464087 -0.8817508946014456
-0.44399167813391144 -0.6354778500278899 -0.8520157501928596
-0.8513155902890478 -0.5442008999235418 -0.8449281099151005
0.4718048210286817 -0.7138879110586333 -0.8866446344384847
0.5689320324846875 -0.8858940931834742 -0.8779336130108308
-0.5554519713001118 -0.5033049592969215 -0.8415680019484774
0.3283438472305759 -0.7603519920698798 -0.8537819784000114
-0.9540621542487842 -0.21670107609028777 -0.8820439916803212
0.48703947365420597 -0.7918869933425872 -0.8640756890553918
-0.7908806306199839 -0.16492378489023046 -0.8678855433619925
-0.6689942908789835 -0.43906706851347377 -0.8712759697190461
-0.7717606963208464 -0.8454026094749659 -0.8343772862846155
-0.7038823687546958 -0.5826812535950128 -0.8602639380594358
0.09190942715915108 -0.7642503709668863 -0.8334760318134113
-0.9264535103802872 -0.41336427125864605 -0.8854359463312327
0.19821716814349405 -0.23599635258573015 -0.8866648613173986
0.3339612554400772 -0.37345136963528486 -0.8599364932073515
-0.5055511466695193 -0.549177675885555 -0.8382964813928971
0.08240691359574222 -0.2672742783226403 -0.8665830442949403
-9.244721822135316E-4 -0.5201446180690655 -0.8314056491709144
0.8728020091418838 -0.18754818857794409 -0.8618112128921519
-0.30312979891517744 -0.6261879364546535 -0.8720214788582252
-0.5435285873854541 -0.47446476500426815 -0.8566688831622304
-0.648243329788645 -0.1766238296312106 -0.8627553430003003
0.13367812820261715 -0.4062409178542592 -0.8449184465452255
-0.8124500320888349 -0.6909137605368423 -0.8733922322913226
0.11379237048870854 -0.6314451687379287 -0.8365022289475691
0.22498598723942986 -0.22266190307887224 -0.8424175631683627
0.48982840442873166 -0.49175120751478507 -0.8340852255821735
-0.6723143109930817 -0.2626133997530527 -0.8571082658205642
-0.8264084190775877 -0.13394995258211229 -0.8742833327229423
0.31086352906139947 -0.3751806143156614 -0.8341895235743348
0.586284211860637 -0.5283704794759143 -0.852976074237545
-0.33357342595859474 -0.49351888085836415 -0.8511289775517346
-0.7282843238000202 -0.9297963590917128 -0.8655448278811267
-0.12410454768704662 -0.15300349320929157 -0.8482893889552636
-0.04986845096901785 -0.49644458398043806 -0.8646527923293744
0.44039675500949116 -0.8911804064771265 -0.8446295229284468
0.6417175801007695 -0.9274264421977529 -0.8475623050788258
0.7412478698034435 -0.1660862057758295 -0.8737766111220964
0.02818495897133938 -0.7975486487623966 -0.8590926594508567
-0.6594321445325548 -0.8761215203633268 -0.8666954434285451
0.21283071719360014 -0.6500617987268864 -0.8550406666783067
0.7182918954438302 -0.11467456696596312 -0.8708827851572407
0.9084626583642116 -0.31481521603471196 -0.8390817786267429
-0.5477432144464406 -0.29831857433909126 -0.8662330571881401
0.4538514466059683 -0.44016127743708966 -0.8622960466075087
-0.2558245153782378 -0.3749870749375297 -0.8323120500997784
-0.888852160832961 -0.14335288495961596 -0.8690663963351831
0.39835012690383015 -0.3685310561246673 -0.8693859717167877
-0.03535423915305043 -0.22166618698572865 -0.8712137422812464
0.7561986668212546 -0.25890049700474493 -0.8382293491648591
-0.3732804744215835 -0.10304546235035233 -0.8489717649910273
0.5261158147142444 -0.2975384730667858 -0.8703357029416304
0.38583777307585704 -0.750440026319116 -0.8391378496131361
-0.3386859140951545 -0.913923257445646 -0.8400613740863053
-0.19654431621899043 -0.4658626590527837 -0.8340627819354001
-0.6163873365798951 -0.2011106608072581 -0.8747619383674803
-0.6462751823203451 -0.6442358966854849 -0.8490469683628921
0.803844422590654 -0.4925163756728187 -0.833987484555232
0.5108261895022149 -0.14745717665247648 -0.836108295697055
0.587391562287548 -0.4513866347957883 -0.8765295101539637
-0.7901211290902228 -0.9110342851195725 -0.8483657675156889
-0.3914808279911751 -0.5487472694332244 -0.8763599116530717
0.4605422687929772 -0.10687849188142778 -0.8340142681243972
0.605660314230532 -0.6309341556299822 -0.8847318211877014
-0.34321283132854646 -0.8975878469030785 -0.8489193215145341
-0.7421227086101045 -0.40278216162074343 -0.8602998920094332
-0.8130339003794484 -0.20795448439790815 -0.8623269397109037
-0.3815121166953153 -0.7258726424935638 -0.8612159167146012
-0.05312723158085998 -0.4763858003765012 -0.8617424772391722
0.40618764553220027 -0.5856216113607021 -0.8827104068506859
-0.9418022963954211 -0.24095348815696088 -0.839341963803713
-0.7391434442232121 -0.8451426126965043 -0.8668313442935563
-0.32373681381306674 -0.4432506473384314 -0.863823659559158
0.894910615004704 -0.4876909333306544 -0.8540408766495327
0.6630965890410291 -0.26386700710817634 -0.8593187240296998
-0.8799580482303394 -0.6100152612904253 -0.8868353983316244
0.6813922181503982 -0.8362232123788192 -0.8372957132209845
-0.31638483582429305 -0.38189872968455296 -0.8636753937017403
-0.5614177560225962 -0.672283543838168 -0.8592750243914442
-0.12668572575106624 -0.0891075421934508 -0.8498279945835782
-0.9479294238328188 -0.28604944604265425 -0.8418641170357662
-0.9879499225105404 -0.15667501101705805 -0.8419859964266428
0.6715151501904868 -0.3364183974490653 -0.8837685501945538
-0.5842880804873418 -0.7595014377552849 -0.8524538971533594
0.6153460968612515 -0.27302737234299235 -0.84220548280164
-0.21909683004108216 -0.4826801128993454 -0.8540931600068863
0.1470464276988509 -0.4927155365378507 -0.8702874127412732
0.18265032118167673 -0.8612044974193758 -0.8425870500456928
0.31974761211057945 -0.11026921068574647 -0.8463353114552157
-0.8956633282521715 -0.530458972473401 -0.8823094635048817
0.6649348832292815 -0.25624250254791103 -0.8721330093529209
-0.9125759765012939 -0.23371452680517518 -0.854327992698196
0.3225052799029358 -0.5942521831624309 -0.8489468743916481
0.32871085198471867 -0.8624649747060062 -0.841258417689354
-0.8630793314329843 -0.1038917952933085 -0.8566731834820673
-0.8108282418490635 -0.3226919549751732 -0.8854581369354828
0.7471219827610199 -0.7169696825133224 -0.8694685515104279
-0.9420042238391193 -0.26478277190027943 -0.874046620508559
-0.6585740894945397 -0.8832093827753511 -0.8364043018849009
0.32064983459309604 -0.9217349026377009 -0.8338358904792725
-0.693933081212528 -0.387958800756089 -0.83436865300822
-0.8852966928311689 -0.2776455706776415 -0.8847911250647499
0.8174130789645447 -0.8936038971792499 -0.8330344866693961
-0.1180051874289053 -0.15111877745690744 -0.8570745433726804
-1.0252587713087324 -0.33321322622165894 -0.8664915645220109
-1.0200438856257188 -0.5187115360103358 -0.8624507937423043
0.6262006842807435 -0.4068021795289697 -0.859361267011455
0.7846001028277745 -0.7274577413705952 -0.8655908028192716
0.3659175893298519 -0.8447376565449531 -0.8448714231075773
-0.27975167609087076 -0.8190878617738989 -0.878490278717467
0.5887373714447541 -0.3470534115553777 -0.8725387421647353
-0.6550215466802329 -0.116996239247041 -0.8781087126185996
0.5951033695626481 -0.4081744852532891 -0.8342515806066124
-0.018711851688886942 -0.9038599187932359 -0.8853280105144911
-0.29358909824496365 -0.43699056038991113 -0.8501303223709276
0.4595500755105928 -0.3121148740813373 -0.84716867778157
-0.7548743862727783 -0.47225494214580593 -0.8449314467624646
-0.7143827464513194 -0.24643797198131923 -0.8412404157397929
-0.644902621237855 -0.6036367382145198 -0.8706443513474339
0.8108493305702908 -0.9273347400063454 -0.8422923701167223
-0.5840688809560605 -0.5231390130152329 -0.8567040205271274
-0.9804611519794606 -0.4057823192453309 -0.8482040333495403
-0.14409258641922715 -0.6075861272095546 -0.8473207289876857
-0.8903462872514838 -0.279522074032891 -0.8592219643290375
-0.3931982086606334 -0.8122610461477713 -0.8805979423814694
-0.7739973295242183 -0.4692956345924347 -0.873102975167985
0.49761637926375424 -0.5569051811640343 -0.8805855191466792
-0.039137544507414884 -0.7809675628905319 -0.8407386698500463
0.32290676526257905 -0.15982518643854443 -0.8574717057665924
-0.7787348669088544 -0.8718989554330894 -0.8461406770117315
-1.0159005331898314 -0.23506249885310415 -0.850033068076938
0.004487307470878443 -0.39965497255253035 -0.8733664607101734
-0.7042320900817436 -0.7640766546685636 -0.8429255382805789
-0.5523661716340802 -0.7024253611811881 -0.851226171196378
-0.5703100509110711 -0.155642726157858 -0.8818514734963534
0.7317962745710633 -0.5319361883125597 -0.8697999739572977
0.3834599547863969 -0.1567207462335085 -0.8502408897350073
0.4215943477802104 -0.2259483118142368 -0.8792325619759916
-0.3688302771673296 -0.6610816967676035 -0.8799604428622827
0.5142080547005033 -0.32820535436821197 -0.8805081469668927
0.7451479333403632 -0.34671465571118126 -0.8392241829848092
0.16549207444161335 -0.6788951091844904 -0.8787084518411833
-0.002770408526098417 -0.20639676140855645 -0.8459656521159664
0.11865079418204451 -0.6281801323520912 -0.8320944850161327
-0.9664466860938973 -0.7291091904428626 -0.838884661155582
0.18047682752718047 -0.6863826987898333 -0.8558557594731931
0.06459078500138617 -0.8422345636328304 -0.8431956434820685
-0.038845154430250925 -0.21503737341387286 -0.8734012063600195
0.35007286404297216 -0.44740744674135435 -0.8687738249193808
0.4457748014146241 -0.761713562274257 -0.852136056924136
-0.13982239502259763 -0.35592972313979954 -0.8852941243794983
0.19076530416650478 -0.8887686341956487 -0.8738185248807098
0.2984298512152307 -0.38158966113046355 -0.8499153764097409
0.5569394188765382 -0.835297467447699 -0.8672533131427363
-0.4922204426342915 -0.6839953138340156 -0.8669488012641045
0.4262484757373805 -0.23330209905723331 -0.8316101709762591
0.8008622561207294 -0.2235114725414355 -0.8389011494303824
0.8244126051911534 -0.9137391749506381 -0.8613040081919954
-0.19081832408903016 -0.2744707376512731 -0.8643954393849405
-0.38130056995798234 -0.3413874460958807 -0.8547951139286923
0.050111430061367354 -0.6807330868370361 -0.8374710160052082
0.6504094164658993 -0.6483476779818057 -0.8625860600664841
-0.21152179266226923 -0.8493609245812578 -0.8673546956283591
0.3485388073037868 -0.4033812254384143 -0.8430416137114942
0.21256755944326816 -0.42610283116693953 -0.8787392871311447
0.11009304745529845 -0.27268802083616694 -0.8708859493591409
-0.15476931377332917 -0.32984035814502627 -0.8564944158831779
0.26756045781166693 -0.09135000650017516 -0.8713785802962957
-0.9082322761246348 -0.3479195089095627 -0.8593922013311958
0.7348968694872625 -0.6831404472875466 -0.8566474626027873
-0.01861459295296697 -0.33649110217331824 -0.8360083205580056
-1.0155954033894 -0.16931163126082044 -0.8658740365438582
-0.9126769772201978 -0.2577660491489471 -0.8854450900770797
0.6202370327464778 -0.5686928951758974 -0.8652777334424061
0.5198268413732584 -0.38493184840296263 -0.8440681482970293
-0.12506838891729774 -0.9072373500342845 -0.8722616884807782
0.586043080402901 -0.24982766570454495 -0.8443702648127221
-1.0195888442299623 -0.2606545215225512 -0.8834157743721097
0.8183284006677067 -0.5727923745862575 -0.853542598173378
0.7263908521760102 -0.379540299859489 -0.8533657272536339
-0.36218925253479395 -0.7177130972776647 -0.8570481435063954
-0.8505945208721049 -0.22498444302763743 -0.8308741708627367
-1.0332486890629329 -0.24880348628863647 -0.8500219614466563
-0.5280574694551831 -0.6239006957367773 -0.86708047225623
0.10237033415437995 -0.6171565943220666 -0.8810074799518807
-0.30974153627692674 -0.11307776760213367 -0.8471183516292422
0.6609123342308167 -0.7099336319751921 -0.8330935042948879
0.891874204421972 -0.7412661369323057 -0.8854440796530086
0.08136010394526667 -0.7690556140398175 -0.8626611898690382
0.5806151333654023 -0.692547156466721 -0.8325098558587826
-0.8916953432081407 -0.8397586292435352 -0.8789674992497555
-0.47844491256841726 -0.5095456922148953 -0.8604470631337473
0.6982919542204101 -0.5699386884030763 -0.8725153985785604
-0.7309898365590554 -0.2781439465729127 -0.8567148929629345
0.7942442701649614 -0.10741818061240882 -0.878969393319521
0.11458302390051921 -0.08504158157959574 -0.8809424164174825
0.8011364199149674 -0.5590466817343233 -0.8314926599333817
0.8945628240767054 -0.3602092118177956 -0.8664881493595183
0.8344342066658984 -0.6469141397202253 -0.874556763965681
0.6236300316323125 -0.5699433521061221 -0.8626919662465976
-0.7644465199302001 -0.4452099546042312 -0.8520869943448625
-0.60573237859195 -0.842825012061365 -0.8787708901821774
0.8513618592209435 -0.7811673074979952 -0.8346063898147963
0.3752952562446232 -0.6008577921369198 -0.8510913613352279
0.35129520396227604 -0.1565799988587227 -0.8323639729677296
-0.8507310064936805 -0.5722702057593866 -0.8309741305940648
0.4466053385042713 -0.6031040574908647 -0.8848184053091787
-0.48895451838957626 -0.17666802924020392 -0.8663502351925654
-0.991976997659843 -0.3955690137699726 -0.8867134570235117
0.7980375439011654 -0.14949721663362076 -0.8829424257968945
-0.8289529503963422 -0.6770516263881281 -0.885650530163998
-0.7397390258487299 -0.8100558646577851 -0.8479062545985252
-0.812137691736719 -0.797581444451856 -0.876558556032139
-0.035273019101206386 -0.37280479384344706 -0.8844899413734488
-0.3200808515033702 -0.45650718937581414 -0.8850459031781087
-0.8576486151072598 -0.6022358837953335 -0.8315083430605102
-0.19126962193283353 -0.43921391177347463 -0.8839574406353143
0.527589111451635 -0.1969026915649223 -0.8473279978281394
-0.40992442887591807 -0.7842301908372014 -0.8677545610454888
-0.4714513399895839 -0.15483268779665937 -0.8677034388849628
-0.05942064917543006 -0.0838321950473912 -0.8316603563238633
0.06958177498022415 -0.6757090657604488 -0.8804051929481992
-0.5670958289659602 -0.17973871725571688 -0.8704084645760879
-1.0174148127322253 -0.7213552544465311 -0.8772108566618136
-0.17834211982786097 -0.11481146878482346 -0.882336750670417
0.28342300649499336 -0.6463405836176108 -0.8734145417250149
-0.9249535787448901 -0.3384056763305786 -0.8453042946437894
0.32626753577146955 -0.3955764331659872 -0.8439108292392277
-0.554556895273338 -0.4767559836149892 -0.8519422720645476
0.25419272350775407 -0.8680231535485105 -0.8570739337992631
0.1511292766359313 -0.15111998176709074 -0.8639390899038353
-0.9426800397587981 -0.7745626994636943 -0.8535796784465844
0.8631139441860929 -0.7923231904144508 -0.8791566996437318
0.42424122391514624 -0.10916330204944763 -0.8619182240215618
0.06299037871906017 -0.14860432542722446 -0.8627971474756034
-0.06216032471044622 -0.718325722305046 -0.8493307351601084
-0.21989777770741903 -0.8111653465822057 -0.8678695356867137
-0.16921046176516957 -0.4536290918106276 -0.8512863303505354
-0.22634799166459302 -0.44418286370401483 -0.8637562667142866
0.6217686289783111 -0.768632854170456 -0.8645784335684638
-0.8628848716464373 -0.7011748192275045 -0.8604900076427028
0.04552328107831455 -0.18048186306003144 -0.8677112302958601
-0.7461316277366632 -0.6484867801471164 -0.8382345365393541
-0.9256924437583398 -0.2774205412474041 -0.8856162001260979
-0.9638614204480821 -0.8178251509434504 -0.856982015707096
0.16549043068815106 -0.24396973431418478 -0.8660728375839889
0.35008551568406854 -0.20030434602052144 -0.8514282077580952
0.5737020226870114 -0.3180682291512513 -0.8795209234918329
-0.6610211954747209 -0.6331497799949973 -0.8435466415834388
0.38363002980831573 -0.6567505030664519 -0.884760898821425
-0.31992349321835756 -0.6513285538359921 -0.8815231113509586
0.10314827828866997 -0.390815431078495 -0.8563732952963395
-0.09123974720409363 -0.7307260570146226 -0.8589450123374816
-0.9844644812927061 -0.7966311353409568 -0.8573822218715033
-0.5422876874363484 -0.40177870358857437 -0.8573211395838366
0.878928554556977 -0.556527089074835 -0.8631813742811321
-0.21414949118534943 -0.5858537131527437 -0.8397283078624599
-0.5630500978939188 -0.5673214448406524 -0.8711077444420545
0.75198608668717 -0.871290409408394 -0.8500939029804601
0.08733246513682182 -0.09615069081853478 -0.8580547870770324
-0.20615048464739738 -0.8402375156024573 -0.8601792845267635
-0.7194130850137999 -0.7004020535060778 -0.8702970039547034
0.18846062435407462 -0.3728974802139406 -0.8406459559541788
-0.4063844864118142 -0.8680256582979567 -0.8793089401956936
-0.782656867673005 -0.6193070147840247 -0.8567746459387446
-0.31134617302698575 -0.6978208803049519 -0.8573925250769937
0.29565977740576854 -0.7285034566171262 -0.8534977661344079
-0.3586454561770094 -0.7091688978126207 -0.8442343303334151
-0.5124108959546751 -0.5296471485836675 -0.8835933439090916
-0.8781376610130645 -0.49962071283246834 -0.8811430288984206
-0.9150268240821497 -0.27009816893237426 -0.8562992115093692
-0.46821407281699134 -0.8623123090566701 -0.8324611567065094
-0.4517325055931654 -0.24598276044311845 -0.8763108235954313
0.07237521668494505 -0.5148929933087228 -0.8563751235926785
-0.2619138457726508 -0.5925564031939128 -0.8748419234068716
0.8393280006217324 -0.7416743424900851 -0.8339804650519087
-0.8948624998342443 -0.3785769775923791 -0.8765443638250796
-0.133071350626894 -0.80195208017885 -0.8403513201558659
0.5751710718190411 -0.31464457554264563 -0.8459882411698497
0.17696448361351103 -0.7701431542560393 -0.8437820801658485
-0.9457970549277261 -0.683093081490052 -0.8411586516165267
-1.0080902382097994 -0.9282050077793402 -0.8371798969954871
0.14670304241024662 -0.11137515673322129 -0.8566313901880879
-0.5673247170664687 -0.6536601356569712 -0.859994393344252
-0.4072334185256506 -0.4823880094658668 -0.8726255807008872
-0.36077213191946766 -0.7882991854291209 -0.8366235137779084
0.5343443629669623 -0.0851466425389279 -0.8339010336931009
0.01855593326747311 -0.887316829333653 -0.8330560339465186
0.5224814299589988 -0.45440429904972524 -0.8408556529218322
0.2276731086318381 -0.2626505882153993 -0.8459048874500752
-1.000639794950299 -0.09525888980674108 -0.8476434885056134
0.7749332468873167 -0.92626585517415 -0.8467069144144599
-0.8586448480044572 -0.7005287100559077 -0.8803316774439802
0.2624100262530989 -0.5752475672957962 -0.8407051951675948
0.33314693701101755 -0.12249408232225828 -0.8363956738428255
-0.45542732789999757 -0.48337974225072294 -0.8349470969924607
0.27546673830015633 -0.16949551973357352 -0.885399919380039
0.26102819872550165 -0.4132542773519383 -0.8359553188250862
0.024137639716406603 -0.7325277686262945 -0.8494861496896822
0.6663298007720916 -0.5792922745561819 -0.874672099056837
-0.08026686324795751 -0.6677622227982678 -0.8341251918446492
0.3050744336345056 -0.4460626161488898 -0.8738123983730206
0.8976679047375642 -0.22075803913783648 -0.8457454628350548
-0.4437955355896573 -0.6368964579011436 -0.8738899822120377
-0.6510997572028073 -0.5793456198140439 -0.8758897151031849
-0.9001852367706278 -0.7601741854741708 -0.8780531115442626
-0.3242024584609979 -0.6252954706881731 -0.8839621722539794
-1.0574221339650556 -0.48869480284470707 -0.8728393515802679
-0.3438165852900788 -0.5964045159051315 -0.8733895428455131
0.8306879718966531 -0.8265317933327732 -0.8629108106169081
-0.28696810220901403 -0.48967273391112365 -0.8417588001713808
-0.184565665294665 -0.7658708949035677 -0.8329586563371498
-0.2237227777996439 -0.7924098023521071 -0.8624498952092549
0.3272172960990688 -0.649343373813929 -0.8370283794617339
-0.9553996913809142 -0.9209332891066857 -0.8358452267918905
-0.17048361842792126 -0.31438176008689794 -0.839385720232954
0.2367948629077395 -0.27761527834454247 -0.856028295138587
-0.32580091472065725 -0.7064948080470879 -0.8317881665277707
0.40035225497134264 -0.8399299377959927 -0.8831452843750595
-0.4116665702801747 -0.5553945915652566 -0.8500914356259511
0.6587701960935585 -0.7670427855379907 -0.8814105487726741
0.08915656291663056 -0.36704454980759216 -0.8857188589382966
-0.16226600128329072 -0.7143386958691538 -0.844324504398739
0.8725586713027633 -0.6339207209637402 -0.884824829967565
-1.0187789223440435 -0.2911251416894067 -0.8569896020159117
-0.17518966072516173 -0.5128190774002954 -0.8862241386104902
-0.33455030451712703 -0.292075172795218 -0.8682525148446518
0.16870999670434306 -0.8841449434979675 -0.8560259437954527
-0.6601896121519625 -0.909960131603287 -0.8823544712331264
0.6990502182817518 -0.5452002745450925 -0.8504994436745268
0.7139965640230318 -0.34747323773028693 -0.8732298222658612
0.33112191026845755 -0.3701579691949938 -0.8813707660706631
-0.3089326237470232 -0.7019755495428611 -0.8581012428931148
0.8392882299592798 -0.7462678930518354 -0.8857940656532188
-0.32391496762687416 -0.7039920556749109 -0.8855091042910648
0.10638216373812397 -0.5455535666828326 -0.8799064592294574
-0.4451306533806829 -0.7671294538037753 -0.8494329848651552
0.2951447462699456 -0.5729993074407409 -0.8513515673102972
0.8919633797221453 -0.9107475134979697 -0.8776383574535062
0.21435359099139795 -0.6824614621187765 -0.8332462443935711
0.26370874246422993 -0.8277620692461376 -0.8472107716737972
-0.14942159601432345 -0.2585535912204606 -0.8574640534673704
-0.1722452955208395 -0.5597215715474975 -0.8747343295178095
-0.025052896755668394 -0.6786679543578532 -0.8769918637947328
-0.639538382516787 -0.2841087515384475 -0.871162530570187
-0.8442064084014651 -0.6364639634900964 -0.8668000139652066
0.7090236915951627 -0.8146760452131121 -0.8413191245369438
0.3626272738870376 -0.72476892417451 -0.8834493773199609
0.8639014861697227 -0.89156686238992 -0.8497197207498685
-0.33002742663556833 -0.38827908746270434 -0.8388701053409313
-0.7953995493951423 -0.8762170263999285 -0.8838445359153391
0.5061770078028678 -0.5018428138359649 -0.8359626992524658
-0.8601651683424187 -0.08561426706029224 -0.8428770358523842
0.7111390745603338 -0.7213981649679041 -0.8741927863420487
-0.8456219915989136 -0.3087106359276407 -0.8419427609516418
-0.8219521060987796 -0.2731886932023778 -0.8670247052586993
0.28435477747589416 -0.2003173861157565 -0.8498328113701539
0.29700063069449795 -0.5186598451834931 -0.842244254947146
0.15179484455241066 -0.7788135227492108 -0.8382215022971597
0.0875496703545867 -0.09732133652388819 -0.8447495134030033
-0.4665484960479935 -0.41829785125131613 -0.8727520131204581
-0.423409650203336 -0.7754279251620735 -0.8485348032018645
0.7154125532183985 -0.7612047548889448 -0.838737262831523
-0.6356431694819513 -0.16294437118002858 -0.8757149547967442
-0.14501906399920228 -0.7557246666059981 -0.8810152420770555
-0.0908377677677179 -0.2194834000802331 -0.8315239933108192
-0.07280552702647172 -0.1171900072821147 -0.8551381596783846
0.08268916216472359 -0.22823835606162013 -0.8358271496808352
-0.9527505333634039 -0.7431256394241508 -0.8709317230536568
0.6620418021065487 -0.9011831123460874 -0.8415876124304221
-0.9545472218360064 -0.6336639470413012 -0.8718016514100679
-0.2062252603417507 -0.6311550160921001 -0.8670363102087961
-0.7178119293050257 -0.2902123491154712 -0.8787844167368101
0.3664804839375018 -0.776379833436139 -0.871323555514406
-0.7244527144339789 -0.7270720544103824 -0.880432035493779
-0.6614197827010626 -0.8816356553956717 -0.8385108920634319
-0.3862891987509105 -0.8990170190746527 -0.8689298413694929
-0.3920396830557094 -0.23972298908183554 -0.8446704394770786
0.04290585945741458 -0.09092367858629596 -0.8354737982041924
0.4350394569431564 -0.8561394567815808 -0.8666985349886053
0.8220173489534937 -0.24481816461934747 -0.883493853545102
-1.0357675145109995 -0.4011018458926971 -0.8640489062773223
0.11345983591593688 -0.2853371655120215 -0.8759265882096399
-0.8516938431288256 -0.869919085630614 -0.8708847648741397
-0.6857530103088847 -0.2875263338114528 -0.8569996150453552
-0.8532352376369996 -0.6564360544018606 -0.852979549612317
-0.3714109675737717 -0.42236756699008293 -0.8791589941207535
0.4748719458425408 -0.21562966871084688 -0.8339665965622173
-0.7286524694163721 -0.33058124604270944 -0.8780709793752657
-0.10423561613686957 -0.201790597708639 -0.8462690824402221
0.47698953133723265 -0.6021761042354736 -0.8670752125562641
-0.9521311219136293 -0.6102409967821069 -0.8786733722431149
-0.7412606362978882 -0.685049818133187 -0.8742098489725257
0.5083784218909491 -0.6858323704921507 -0.8628761864316379
-0.49732575697342596 -0.4202874850770243 -0.8416113228903097
-0.18307124437635136 -0.7215448091256185 -0.8704210897517829
0.7842250112268278 -0.5055733325517417 -0.876381493497561
0.5554899018109201 -0.3006700164547322 -0.8404011751661552
-0.6823962076870781 -0.8738545600612417 -0.8746844310849345
-0.21068855341552284 -0.6186979623329242 -0.834211497028115
0.8748265006674059 -0.18858628147817308 -0.8392969323379129
0.12961729240779224 -0.7537152963461039 -0.8557654992228332
0.8006903350015413 -0.16640128607436316 -0.8646582066167254
0.8406723079826292 -0.5063844742122569 -0.869729080679188
-0.28244027376138603 -0.32248776384702704 -0.8553466955915071
-1.0470449919007643 -0.19689440839703176 -0.8686270432261768
0.5775623746931808 -0.7209808660419937 -0.8526251346068232
0.7658426300847191 -0.8200782466918397 -0.8705384068424463
-0.08864470598553248 -0.5113623602784597 -0.885044207561701
0.7430054691076605 -0.4483273607274813 -0.8642112924630532
0.7969730212019122 -0.31815992602759746 -0.8359560335650729
-0.08720340533876386 -0.3912239633939326 -0.8771970183101484
0.8520040260023602 -0.7209021274901828 -0.8383217932326964
0.030100594884610685 -0.2236062171839593 -0.8815031912984014
0.5565968894507911 -0.14565166349864367 -0.8514931777743675
-0.6365685074556939 -0.4502306768034815 -0.8633968879611408
-0.28204124149167387 -0.22809488037722875 -0.8718248079206735
-0.8814179335659822 -0.7669894704946915 -0.8657443629233234
0.5611021471876736 -0.10567778455998267 -0.8347822053403033
0.01934093892024019 -0.20768587604084165 -0.8364927890254437
-0.5579427669367529 -0.34859362965394874 -0.8629364080528752
-0.8334926654616067 -0.7353147249646038 -0.8439872912288731
0.22214941716498932 -0.36362266748118083 -0.8857839136914937
0.20599282736858976 -0.6705383799545259 -0.8769872513980406
-0.1454163866262519 -0.8710243439727581 -0.8796131030921874
-0.06817294998735088 -0.20179603996852125 -0.8521439869313101
0.43573291904037503 -0.4443183912930085 -0.8747957872407012
-0.4745718427246203 -0.5154753838541094 -0.8522337371431321
-0.455927262993933 -0.42977680043172883 -0.832740671992852
0.47452206771985694 -0.55947583652571 -0.8714176645736476
-0.12821071541947635 -0.7368445329680736 -0.8646167930805777
-0.5995164452840619 -0.7278149709119306 -0.8497024504328872
-0.6568717145563062 -0.6059571757419515 -0.8778464129211633
-0.6895381430848208 -0.5721362752205552 -0.8476652742658299
0.10911381563581056 -0.4675136113023149 -0.8570985051160401
-0.7308771396848851 -0.4423235728112799 -0.8419324964622706
-0.1735918457330985 -0.46910270737942916 -0.8543221497308662
-0.11093274191772703 -0.2921371469792807 -0.8457350560818343
-0.9207406091899306 -0.44733379026626446 -0.8760087459876502
0.029013145995174836 -0.42643263230534223 -0.8516496766811643
-0.8111184049515846 -0.2599859546350554 -0.8401577174106318
0.34222584378967524 -0.8202784074866534 -0.8597973586874771
0.8421178883539687 -0.2732435326485313 -0.8485012536146157
-0.25345601291904907 -0.8995308068175494 -0.8460722892128105
0.7071395604167607 -0.08696844788133917 -0.8545933085827895
-0.4782146859347462 -0.4724170138946702 -0.8332464740347649
-0.2696919624238226 -0.5636120762030498 -0.8680289106164455
-0.638355395453559 -0.17189283454384147 -0.8784989097545016
-0.8548363050833971 -0.2631620208835186 -0.8760944970210087
-0.8301432982487795 -0.21439672017114786 -0.8441898171052151
0.019824848649350496 -0.31822046819615435 -0.8333848192814081
0.05024930792967665 -0.9187031391181039 -0.841788593165641
0.4505056028402117 -0.7740879833327361 -0.8363189464513837
0.034515926021695495 -0.6415745913983124 -0.8657563642970751
0.5940561408842511 -0.23442767889127447 -0.8852974583501376
-0.8895402878782038 -0.7053231446197916 -0.8691195005842505
-0.0478853021926772 -0.9248921798695358 -0.8819014047695479
-0.9711533584549165 -0.6743897102657308 -0.8634370562322492
0.22012521153621373 -0.45766457035389296 -0.8664940648872789
0.8625042291734034 -0.19591101159393515 -0.8526743507618424
-0.4181995080243772 -0.28854243216793796 -0.8747479612887626
-0.9251653878295655 -0.820551182602771 -0.874080497788828
-0.04313562056037902 -0.1226066764769872 -0.8761461277206171
-0.11001381231390471 -0.17650643890185003 -0.8360392457848032
-0.8741075744505364 -0.365376004384919 -0.879335106191843
-0.2780459150355688 -0.27825023658995374 -0.8770137566824848
0.307350261269389 -0.5638262968064309 -0.8590992099206115
0.5034197343843002 -0.27368681882061924 -0.8445298971814158
-0.027308633560239527 -0.3145217736479578 -0.8406853721493185
0.6616910258588513 -0.7644147110405807 -0.8765911231910872
-0.309019872665849 -0.42535227115030494 -0.8647086113140606
0.6600821706105404 -0.47046568829076485 -0.8716930482957693
0.39697701704210286 -0.39338992039276505 -0.8442147921308135
-0.8053780403928658 -0.4580995060304467 -0.8743355655059742
-0.388847680593695 -0.18453393259765244 -0.8418185371805452
-0.8554522787710757 -0.8372621133326204 -0.8353801986830585
-0.7641312151199551 -0.08900374478494694 -0.8859018597351861
-0.48100135632089397 -0.6570522901323385 -0.8390752816272413
0.6816724080994503 -0.20544437271697258 -0.8674530109380056
0.7726883801708685 -0.4182381184920558 -0.835450718597406
0.2411987636200819 -0.5962651692221218 -0.8855120240537856
-0.9559581546522756 -0.6302451288995792 -0.872282995965475
-0.5511639532330105 -0.4526002868537935 -0.8524912397879021
-0.7973882475109575 -0.1652893530338011 -0.8496554124309893
-0.7039026999492854 -0.44861899259937654 -0.8552437320338361
-0.5629663366021748 -0.7340078598141425 -0.8408392672397029
-0.26466749490853864 -0.28591365368431715 -0.8721700183385134
0.7658999729209658 -0.15775983747813427 -0.8571244997147106
0.17605486323496367 -0.7289050933963266 -0.8848480815356101
0.3754208263590324 -0.6389102561486769 -0.8448184460465824
0.5362752381597975 -0.17075747623318444 -0.8721702223071772
0.2737637220589063 -0.8962723149392058 -0.8366927094962872
-0.7679045747993304 -0.7984880592636033 -0.8659842605872585
-0.8849853868938194 -0.5155591234587695 -0.879296193925664
0.5542818645307578 -0.6746003735662325 -0.8472433959388543
0.512073357397843 -0.6638902382428509 -0.8650926274172347
-0.6018204582417985 -0.6114424982817773 -0.8774270154062767
0.5589995733576729 -0.5160358876901763 -0.8624384840265563
-0.7335742069310555 -0.7820658788664936 -0.8821175442753422
-0.7149219112816603 -0.7643309318188398 -0.8838295954919095
0.12406339853630123 -0.25259541848316375 -0.854584699610997
-0.36180773708413666 -0.6745395524776163 -0.8639247607581145
0.6207817019416622 -0.30778167802329587 -0.8470817023021324
-0.26882741679256356 -0.14116662805060015 -0.8630538529478494
-0.3156653180570532 -0.16076854640296723 -0.8640480173747189
-0.036588120229242106 -0.47518927266817707 -0.8647469905078962
0.12137848001210118 -0.651354116550479 -0.8765579631893441
-0.849798582283695 -0.5557159144418506 -0.8637227452977765
0.8690410917917547 -0.3537420025018216 -0.8551514417928584
-0.44208869680301205 -0.12903256187177847 -0.8322104079480801
-0.908923677994788 -0.7266027893125265 -0.8733731545836418
0.46137594132154636 -0.6849374478047208 -0.8639234896478424
-0.20618148606542197 -0.2646455593857543 -0.8589708613330115
0.6450663987876438 -0.43752019726002367 -0.8761757331744474
0.8875911177824456 -0.6078177775353484 -0.8760582925445262
0.14955641248807877 -0.84773130380696 -0.8827164427797277
-0.11006151562788324 -0.6056691288153762 -0.8463115061513568
-0.7871168755496692 -0.32819697875341936 -0.8458731523527743
0.3509402532228992 -0.6067381861883447 -0.8662072582206561
-0.2520504828971613 -0.9249896274245258 -0.8321523961181252
0.45629615763894504 -0.7352397678740161 -0.8438019365204246
-0.827999743702196 -0.7301189340852348 -0.8360032427408134
0.4553345760757308 -0.7484406760550822 -0.8603329592704468
-0.015949040884441698 -0.6162940157851046 -0.8574605688121169
0.42123126506089453 -0.8352235265784477 -0.8382089873894265
-1.0190588267819438 -0.3775974636234641 -0.8521280128161651
0.2005196873230924 -0.21663171045783475 -0.8489196728085571
0.7162756994969832 -0.4082165295584512 -0.8596830257354217
0.13886611406316052 -0.7356096559685579 -0.8438602602562031
-0.09935467236805864 -0.2734663825126853 -0.8807135315421813
0.651578164924529 -0.6568268196163897 -0.8614482408307117
-0.6152764388593253 -0.36397973568827013 -0.8387368993484628
-0.18853826152939268 -0.3394770092518814 -0.8487787845298369
0.29054279275112344 -0.5089083885483653 -0.8367463696364124
-0.7233511632284028 -0.5952769106602807 -0.8442997857797189
-0.25443584929588137 -0.3781955344680003 -0.8342401633304578
-0.2795498123716122 -0.8972373718289643 -0.8812359235595119
0.6333626979506165 -0.2867258062172636 -0.8856509348634684
-0.3338565936601804 -0.4987207943948871 -0.8840908479027468
0.8003510526252249 -0.2824534700866379 -0.8859481635879582
-1.0475373265899375 -0.5954892837546402 -0.8526858899754666
-0.9921824458841472 -0.5216157429208605 -0.8532899343496645
0.13595281548633864 -0.7668444607809947 -0.8381521962930031
0.5711664334451756 -0.7287467369415724 -0.8617243043999555
-0.7767623146549955 -0.17124074959191832 -0.8809255038667225
-0.36278176924444916 -0.8838127841683219 -0.8604167625625113
0.7415572254112748 -0.24254896677000282 -0.8658583735591804
0.0013667452070538072 -0.7859577022899608 -0.8505550226455002
-0.5335306861966645 -0.20994828321208592 -0.8843709538218216
0.7198481611059335 -0.9060463469380706 -0.8350611303268202
0.09182657768131051 -0.3554482499469884 -0.8841060367587347
0.22304634439664045 -0.3616726901027062 -0.8329412932992671
-0.19725753816593125 -0.6858234067037815 -0.8725712264189928
0.5844992413522966 -0.7184583052436069 -0.8648892101301171
-0.7992676916306508 -0.8546546659256826 -0.8765216643935136
0.4902638896064526 -0.6145795146279571 -0.860978191009154
0.12839312345121195 -0.3854880601841238 -0.84630600418436
-0.7499994657657113 -0.5155301024317964 -0.8667253655640815
0.2734772129551967 -0.2700316591630135 -0.8692591841248429
0.5842448393456485 -0.2998574530469559 -0.8726906315959104
-0.9272672547126112 -0.44991673220976797 -0.8638142228581511
0.3505705344780313 -0.253885250721376 -0.835668549123237
0.05677226799487596 -0.8845221402551512 -0.8447226955983597
0.30623760060826927 -0.26986291402611584 -0.8781880931311623
0.5519584620230757 -0.6371653743717882 -0.8482453228834096
0.14719444881386917 -0.6264898438674039 -0.8416250812819314
0.6319708740992633 -0.7306976407652127 -0.8469853798637048
-0.6553565106279482 -0.17609662926634584 -0.8653412924931454
-0.13626734350437628 -0.37825495970869694 -0.8678634761824143
0.2744445269133755 -0.5019128908732181 -0.8668319642721831
0.7051620559993208 -0.3816305343079287 -0.8795220022849116
-0.16495015726228607 -0.4448781007306821 -0.8709034143600015
-1.0156676269316063 -0.9064296909249007 -0.8721711919386751
-0.059546260396521264 -0.3105109614304077 -0.8821152659281296
0.3761656417131363 -0.8055762979005763 -0.868176968337372
-0.6457215616236245 -0.6515209154960733 -0.8789623564209358
-0.20006584958617146 -0.7930139450843698 -0.881515351077092
-0.7855924277376054 -0.788361236209646 -0.8500066934361536
-0.18960614175993556 -0.8744088870338049 -0.830914985409294
0.9032920955578336 -0.2300629169321191 -0.8480849863351584
-0.8649117388931338 -0.45339329905290193 -0.8408542420052423
-0.055290711239064 -0.19736660681528784 -0.8606260016336048
0.16672753858185524 -0.8590184562292482 -0.8530566757597429
-0.9807390730914257 -0.254519273329527 -0.8782420834062233
0.5140278623359832 -0.6745707577185267 -0.8760007808561996
0.13632614018983458 -0.5922531676637296 -0.8861099005119442
-0.5976214773898465 -0.15024971922118152 -0.857105368672534
-0.5413409403614398 -0.5149901367374853 -0.868882963560495
0.07515897568659362 -0.730983064738572 -0.8652520075329767
-0.105104151684456 -0.8307300034804155 -0.875036168487425
-1.0521444981099661 -0.5810971119936399 -0.8635945544486612
-0.2113605723454492 -0.47170369462187006 -0.8478885382891157
-1.041737178045601 -0.7959897375352321 -0.8490296975689672
-0.5946621523032231 -0.9237193229434408 -0.8414794970137849
-0.7795700391985402 -0.8054573134779235 -0.8862509536048571
0.24844825017479893 -0.7575477640318513 -0.8560380511832743
0.8818187184762774 -0.4923149526438704 -0.8716625275053753
-0.056278446805447954 -0.34465184982550573 -0.8759890494029229
0.4657215969738199 -0.3876009951597141 -0.8338701541641506
0.2723992133928317 -0.3416399048334508 -0.8653590798911652
0.6165492764871214 -0.5896753497913203 -0.8603349480558105
-0.6136974962803822 -0.492563423920474 -0.880968895411054
0.5707661710139013 -0.21389699075359125 -0.8805448068742935
-0.36453028162446943 -0.9290814923354869 -0.8651791728019299
-1.0081234694744887 -0.13041270233967706 -0.8686499461082716
0.6389113637908969 -0.23486460984045449 -0.8795094388509964
-0.30878014951555927 -0.1381808977595016 -0.8748202205552729
0.22995985733617286 -0.7712814933747816 -0.871878353079889
0.3257164169726862 -0.528123192592289 -0.8469505690866687
0.7147446175809772 -0.4457934658759907 -0.8744754424445956
0.014505105240359986 -0.9001938975583355 -0.8829307929808087
-0.5507164208239269 -0.6400236415565389 -0.8796141746889062
-0.8404634673133672 -0.5203606418903547 -0.8585541324059331
0.8414353989389444 -0.5288752202066915 -0.8310170000881086
0.6523434555298604 -0.832368028079599 -0.8465173816162845
0.7195641860166208 -0.25172516864783 -0.8852357950157015
-0.915393149560697 -0.293102614124926 -0.840900884269801
0.06407411976004558 -0.5751788217019556 -0.8736700838423904
-0.9801489048805849 -0.8742802114666846 -0.8773137024492056
-1.0027455951537556 -0.8661624234786631 -0.8671008399657795
-0.8278695999992317 -0.16032797699868534 -0.8411672377993342
-0.049278315080336255 -0.3690895988982891 -0.8537212792988207
-0.5625292723670926 -0.2498737491477846 -0.8467045108664168
-0.9847244995168096 -0.9155448327595481 -0.8710378482247007
-0.3967981644817293 -0.6821651208412544 -0.8532508729407493
0.021412633167415845 -0.3472453283350294 -0.8635627017147969
-0.9429139068943128 -0.7836738821450469 -0.8713262686310445
-0.44052670436737595 -0.7059686586449507 -0.868569062416953
-0.2353423158133175 -0.15745737529671427 -0.8388831375687725
-0.528164514195968 -0.21918649840755144 -0.8634482148585617
0.6250763824865225 -0.5457877970132198 -0.8324757973928341
-0.9323219332170517 -0.22392734096136924 -0.8758310508084558
0.6904766634614433 -0.8044907614923841 -0.8510895006960615
0.7353821589895678 -0.85945249352572 -0.8370569287913677
-0.5976901541391474 -0.6429718370321815 -0.8683187465457152
-0.9634842519740173 -0.12574347052903673 -0.8747575365971695
-0.04018991781086326 -0.8380824939436833 -0.8586182682157284
-0.5477387562933352 -0.839225389604066 -0.8711978725466023
-0.08415592336908152 -0.45368431253844 -0.8837543354298023
-0.3413160122863783 -0.4285515607908097 -0.8348760028541805
-0.7513328802728662 -0.6444322936301317 -0.8478006354411696
0.6396046915465315 -0.2062063308001107 -0.8819222395319857
-0.3563662816009761 -0.42461030573746134 -0.8854986284403642
0.23572195936143941 -0.6971108403446648 -0.849050130484885
0.6417704062037463 -0.8059468611207745 -0.8598846854521616
-0.3971442309745543 -0.7763155299403564 -0.8714383643753619
0.23739055309130913 -0.7545781928983055 -0.8577416664989516
-0.25264812167175643 -0.44910727140190043 -0.854093141526088
-0.7187755022742096 -0.11887596393151495 -0.832818991161425
0.5479150428731278 -0.930782766591108 -0.8435437676963536
-0.4768722498236695 -0.6944916517614633 -0.8809909425223044
-0.3733950735970136 -0.37736253424099986 -0.8485801112708902
0.25249663329429833 -0.5412885177731518 -0.8404185950141043
-0.35469710860123554 -0.7190150377875548 -0.8810315132158012
-0.9758944292646835 -0.34956454578743157 -0.8589442196026672
-0.09268196093151165 -0.18193102231883224 -0.8466759059875864
0.2258272183119977 -0.8737413829079694 -0.8693903921327486
-0.0018912987569114914 -0.3262704066717813 -0.8497308782635207
-0.9064681974928138 -0.11491631178586165 -0.886821555528103
0.7424938592344243 -0.3166542296255608 -0.8454832319029423
0.492251115139986 -0.4957046134696136 -0.8566104885994474
-0.16711332690412617 -0.7042443926910797 -0.8392293098949606
-0.8372673995310405 -0.09497212975605718 -0.8537275136503096
-1.04479122058457 -0.19405546606306479 -0.8561766692659937
0.47603984865797555 -0.6680606482175004 -0.8343990963787523
0.8316490321725469 -0.575007757527682 -0.8321815374542013
0.690782063679336 -0.9046750548917339 -0.8463993380460196
0.338208668801833 -0.5773738363153914 -0.8447121101136846
-0.9840539893629663 -0.4604838627840634 -0.8380054128318525
-0.8571697675592699 -0.6543488975612253 -0.8495918285425104
0.02700300921842466 -0.6816167659987818 -0.8820180403128227
-0.8436630816857505 -0.838674429345898 -0.8625160775562553
-0.7586491931350436 -0.6454286945872701 -0.8851855996652727
-0.010984432743691451 -0.5458704494000011 -0.8631679016139618
-1.0488345742127723 -0.7653400737563107 -0.8737241361810602
0.3486249695270831 -0.6202158104273282 -0.8722779482076721
-0.1839598747420281 -0.810646377920606 -0.8815835229392679
-1.0158423191408836 -0.8804201998329801 -0.8859513019096428
0.40052800838845093 -0.21787427417075278 -0.8394479901943233
0.38624154431951385 -0.35614849787494496 -0.8704367745296616
0.09408943653652042 -0.43500937850667937 -0.8667440767053752
-0.6829078239132126 -0.7022739333554332 -0.8622647150126167
0.7716902978067814 -0.6770104495436475 -0.8445820643614984
0.6550656397542122 -0.6074687442878303 -0.8420176937406242
-0.43725214288787856 -0.903267389678091 -0.8485356209913202
-0.9190367767052123 -0.6786131665960193 -0.8634975445273299
0.2557401487628619 -0.370489342651929 -0.862338206737316
-0.40970910141369904 -0.6813767145164074 -0.8332563147847952
0.33825973169705514 -0.10420982431286835 -0.83680668021273
-0.4113096375223497 -0.4018613037028619 -0.8473416611516165
-0.6317776296747424 -0.6841547814161371 -0.8493891710890191
-0.8988774082086272 -0.21286375538598257 -0.8552765795315367
-0.6868942917017392 -0.7689334372824657 -0.8737377968495096
0.27218500445032806 -0.5993222761489917 -0.8414537149521515
0.6729978537457707 -0.7433647393617884 -0.8685899752635193
0.5525522342822193 -0.5046868312100572 -0.8472456556348406
0.09326931208613921 -0.5150359273529 -0.8381589121534189
-0.3665337454458377 -0.7273417441492073 -0.8729555700259656
0.492402518182428 -0.7239088779206381 -0.8856605711779605
0.07421664713067351 -0.7840305751301813 -0.8490203646665946
0.8449624975962168 -0.09722868434945131 -0.8542357030242667
-0.09753833152153085 -0.1275581252411373 -0.8856841412028434
-0.29399164194837435 -0.14378744949960776 -0.8751954057415691
0.06555374373636715 -0.9168975180433641 -0.8613233600166876
0.44800548219905423 -0.23748323527693016 -0.8350197215635906
0.29541681552976873 -0.22141654388438947 -0.849839747456396
0.3292516722911321 -0.338015806126667 -0.8435116287885998
-0.038542351474493516 -0.3067272191633227 -0.8471414473627054
0.5711254404089181 -0.22920689258485494 -0.8351072479351278
-0.5283013732101101 -0.18742555320397397 -0.8339576564442249
0.2278808303767691 -0.17437794098333403 -0.8415417821928796
-0.14909737596 -0.20445424937180712 -0.869676303436202
-0.05440794334620193 -0.5889480697127251 -0.8758633868103067
-0.36948798845415515 -0.4982956095845753 -0.8734196835163087
0.3275047435276276 -0.26629611446511176 -0.8710813817653072
-0.923904218092661 -0.21957456770127082 -0.870547989782018
0.3933799782743246 -0.1764952791894875 -0.835268709604943
-0.6204415835393853 -0.9313649116285511 -0.8649416402997299
-1.009902613092088 -0.41360025344424833 -0.8467855399678896
-0.5159795063716835 -0.14404082640366406 -0.8600120171557744
-0.8481842689670127 -0.3431852168630839 -0.8586935366779695
-0.24893027225417164 -0.1609877475744983 -0.882318897320132
0.8527261892155495 -0.18872868829937245 -0.8480423928262193
-0.5046246525218894 -0.3257771068635365 -0.8363062825773071
0.1716329162895131 -0.47195360484249527 -0.882979332072965
-0.5528039675793581 -0.3940206674275982 -0.8444377486441101
-0.4680301424990116 -0.6400913827389708 -0.882755672571543
-1.01846091633595 -0.7884611400535482 -0.8407091426266706
-0.09447742480223664 -0.6215508354590977 -0.8856403521562648
0.8920662314452267 -0.38526302056089684 -0.8630985468674999
0.7822090476799949 -0.2988532242234747 -0.8750601683237028
-0.020844649170810525 -0.4246685928587484 -0.8741589496838137
0.035649052601002915 -0.3349252091824678 -0.8401632463041518
0.7438749096229975 -0.22944101800155609 -0.8347278868449741
-0.5479398228359192 -0.6413267274435432 -0.8745574103266218
0.7903195142169451 -0.556584055983826 -0.8639154255764582
0.13622165494662908 -0.2323773957622215 -0.8825170817386637
0.1500720779711675 -0.17357753118282732 -0.8424190924840833
-0.876472512721691 -0.5496818728166273 -0.8630220714891003
-0.36868538035816595 -0.6676060781351428 -0.8498659194825786
-0.12333738687555723 -0.6783242573599942 -0.8693486859711756
0.7975290304552655 -0.6873559803279007 -0.8806162127087531
-0.39433864612019076 -0.7109823994442339 -0.854680287960903
-0.5608985730743704 -0.33969035289228977 -0.8355753293828991
-0.5789358339089007 -0.6935404685999835 -0.8344014996443756
-0.9561261698074565 -0.806821648812684 -0.8463137894484789
-0.8275109768151012 -0.5700076627210631 -0.877764135752261
0.7818853453072352 -0.0958643168451585 -0.840394333807084
-0.38630965612506973 -0.5700612226492753 -0.8616697535781159
0.37893905824403334 -0.8427774278692097 -0.8611825329769102
0.5194029784306358 -0.6156925271213639 -0.8662275953112226
0.8129513979819544 -0.7539676599720562 -0.8418707676213874
-0.5837639045586656 -0.7781713957518878 -0.845162861026169
0.8911571081521746 -0.4784331585267917 -0.880196399879588
0.4539924814568179 -0.4806927103511204 -0.8564001112743204
0.0898989446922255 -0.2713102186521806 -0.8741498175198493
0.38080229569968443 -0.10194351145026864 -0.8843743540480106
-0.8409982090086671 -0.2891385168838855 -0.8460753042685223
-0.8986231067277767 -0.5614553640840407 -0.885265891554951
-0.7921359883599604 -0.1952459838586244 -0.858563086484999
-0.44465288915451917 -0.2444680495761099 -0.8311766810871928
-0.8056049391231064 -0.7682015805920415 -0.8571581701894985
-0.34704040216047 -0.9240005692061084 -0.8747266919710426
0.7130366347544832 -0.2548256259247232 -0.8688412011397988
-0.6081864313482903 -0.25980489004613777 -0.8822386540054468
-0.5859337277032979 -0.8476016175946994 -0.8683566449161318
-0.7821706705920539 -0.6627072867297681 -0.8701960184532065
0.43505745819858743 -0.28733409135254606 -0.8808844441036051
0.7237203566390419 -0.6815257950046665 -0.8781208724344669
0.10458045398481124 -0.4036957572658433 -0.8363411263440774
0.5584324238693628 -0.40609031348585833 -0.8339439695862667
0.05836707569224929 -0.4905836082792137 -0.8451141499306897
-0.6799257142165447 -0.39710260690034427 -0.8788975806729428
0.005344678526267188 -0.6697150561320758 -0.8608922666599483
-1.0357793204911347 -0.31485328705938176 -0.8639496979651518
0.4115065857845837 -0.4005743440716401 -0.8727511203464461
0.5509680104798582 -0.5598102843902393 -0.8664519241861394
0.34617853666130716 -0.0961059967794804 -0.8545984620794591
0.036187294857702126 -0.6166349636880696 -0.8862399072423549
0.7398495096333546 -0.5734674535239292 -0.8637524465374694
0.31717679216548433 -0.5155638892969184 -0.8369856850777572
0.792677841768465 -0.1548062532787175 -0.8729423760533317
0.7167903240329748 -0.36166875245179375 -0.8366885808725155

